43051,17210,627,1,39.99,39.99
43052,17211,1014,3,149.94,49.98
43053,17211,191,5,499.95,99.99
43054,17211,957,1,299.98,299.98
43055,17212,502,1,50.0,50.0
43056,17212,191,2,199.98,99.99
43057,17214,1004,1,399.98,399.98
43058,17214,957,1,299.98,299.98
43059,17214,365,5,299.95,59.99
43060,17215,403,1,129.99,129.99
43061,17216,1004,1,399.98,399.98
43062,17216,627,2,79.98,39.99
43063,17216,1073,1,199.99,199.99
43064,17216,957,1,299.98,299.98
43065,17218,957,1,299.98,299.98
43066,17218,502,2,100.0,50.0
43067,17219,134,2,50.0,25.0
43068,17219,502,2,100.0,50.0
43069,17219,627,2,79.98,39.99
43070,17219,191,3,299.97,99.99
43071,17220,365,3,179.97,59.99
43072,17220,365,3,179.97,59.99
43073,17220,1004,1,399.98,399.98
43074,17221,1004,1,399.98,399.98
43075,17221,627,2,79.98,39.99
43076,17222,1073,1,199.99,199.99
43077,17223,365,5,299.95,59.99
43078,17226,403,1,129.99,129.99
43079,17226,1073,1,199.99,199.99
43080,17226,502,3,150.0,50.0
43081,17226,403,1,129.99,129.99
43082,17226,1004,1,399.98,399.98
43083,17227,191,4,399.96,99.99
43084,17228,897,2,49.98,24.99
43085,17228,403,1,129.99,129.99
43086,17228,365,4,239.96,59.99
43087,17228,191,5,499.95,99.99
43088,17229,191,1,99.99,99.99
43089,17229,627,2,79.98,39.99
43090,17230,627,5,199.95,39.99
43091,17230,835,3,95.97,31.99
43092,17230,1014,5,249.9,49.98
43093,17230,957,1,299.98,299.98
43094,17231,1004,1,399.98,399.98
43095,17231,403,1,129.99,129.99
43096,17231,1014,1,49.98,49.98
43097,17231,627,5,199.95,39.99
43098,17232,403,1,129.99,129.99
43099,17232,191,1,99.99,99.99
43100,17233,191,3,299.97,99.99
43101,17233,365,2,119.98,59.99
43102,17235,502,1,50.0,50.0
43103,17235,957,1,299.98,299.98
43104,17235,1004,1,399.98,399.98
43105,17235,1004,1,399.98,399.98
43106,17235,1073,1,199.99,199.99
43107,17236,403,1,129.99,129.99
43108,17236,1004,1,399.98,399.98
43109,17236,191,2,199.98,99.99
43110,17236,627,4,159.96,39.99
43111,17236,818,2,95.98,47.99
43112,17237,282,4,127.96,31.99
43113,17238,1014,3,149.94,49.98
43114,17239,957,1,299.98,299.98
43115,17240,565,3,210.0,70.0
43116,17240,1073,1,199.99,199.99
43117,17240,191,2,199.98,99.99
43118,17240,957,1,299.98,299.98
43119,17240,1014,3,149.94,49.98
43120,17241,957,1,299.98,299.98
43121,17241,1004,1,399.98,399.98
43122,17241,1014,4,199.92,49.98
43123,17241,403,1,129.99,129.99
43124,17242,502,3,150.0,50.0
43125,17242,905,3,74.97,24.99
43126,17242,1014,1,49.98,49.98
43127,17242,191,1,99.99,99.99
43128,17243,627,1,39.99,39.99
43129,17243,1073,1,199.99,199.99
43130,17243,1073,1,199.99,199.99
43131,17243,1073,1,199.99,199.99
43132,17244,1073,1,199.99,199.99
43133,17244,1004,1,399.98,399.98
43134,17244,502,3,150.0,50.0
43135,17244,403,1,129.99,129.99
43136,17244,365,1,59.99,59.99
43137,17245,37,4,139.96,34.99
43138,17245,1014,3,149.94,49.98
43139,17245,1073,1,199.99,199.99
43140,17245,957,1,299.98,299.98
43141,17246,502,1,50.0,50.0
43142,17247,1004,1,399.98,399.98
43143,17247,1073,1,199.99,199.99
43144,17248,957,1,299.98,299.98
43145,17248,403,1,129.99,129.99
43146,17248,1073,1,199.99,199.99
43147,17249,502,4,200.0,50.0
43148,17250,365,2,119.98,59.99
43149,17251,502,3,150.0,50.0
43150,17252,191,1,99.99,99.99
43151,17254,957,1,299.98,299.98
43152,17254,825,3,95.97,31.99
43153,17254,403,1,129.99,129.99
43154,17254,93,2,49.98,24.99
43155,17257,403,1,129.99,129.99
43156,17257,403,1,129.99,129.99
43157,17258,502,5,250.0,50.0
43158,17258,365,2,119.98,59.99
43159,17258,365,5,299.95,59.99
43160,17258,893,3,74.97,24.99
43161,17258,1073,1,199.99,199.99
43162,17260,1073,1,199.99,199.99
43163,17260,1004,1,399.98,399.98
43164,17260,403,1,129.99,129.99
43165,17260,365,3,179.97,59.99
43166,17260,957,1,299.98,299.98
43167,17262,502,5,250.0,50.0
43168,17262,365,3,179.97,59.99
43169,17262,365,4,239.96,59.99
43170,17262,804,4,79.96,19.99
43171,17262,957,1,299.98,299.98
43172,17263,1014,5,249.9,49.98
43173,17263,1014,1,49.98,49.98
43174,17264,1014,2,99.96,49.98
43175,17265,403,1,129.99,129.99
43176,17265,1073,1,199.99,199.99
43177,17265,365,1,59.99,59.99
43178,17265,1004,1,399.98,399.98
43179,17266,957,1,299.98,299.98
43180,17266,502,2,100.0,50.0
43181,17267,502,5,250.0,50.0
43182,17269,1014,2,99.96,49.98
43183,17269,403,1,129.99,129.99
43184,17271,1073,1,199.99,199.99
43185,17272,502,3,150.0,50.0
43186,17272,1014,4,199.92,49.98
43187,17273,191,4,399.96,99.99
43188,17273,957,1,299.98,299.98
43189,17275,1004,1,399.98,399.98
43190,17275,627,3,119.97,39.99
43191,17275,957,1,299.98,299.98
43192,17276,403,1,129.99,129.99
43193,17276,1004,1,399.98,399.98
43194,17276,403,1,129.99,129.99
43195,17276,1014,4,199.92,49.98
43196,17277,1004,1,399.98,399.98
43197,17277,365,3,179.97,59.99
43198,17277,957,1,299.98,299.98
43199,17279,1004,1,399.98,399.98
43200,17279,403,1,129.99,129.99
43201,17281,1073,1,199.99,199.99
43202,17281,502,4,200.0,50.0
43203,17281,1004,1,399.98,399.98
43204,17281,365,5,299.95,59.99
43205,17282,191,2,199.98,99.99
43206,17282,957,1,299.98,299.98
43207,17282,1073,1,199.99,199.99
43208,17283,191,5,499.95,99.99
43209,17283,403,1,129.99,129.99
43210,17283,502,2,100.0,50.0
43211,17284,403,1,129.99,129.99
43212,17285,1073,1,199.99,199.99
43213,17285,191,5,499.95,99.99
43214,17286,1014,5,249.9,49.98
43215,17287,403,1,129.99,129.99
43216,17287,403,1,129.99,129.99
43217,17287,804,1,19.99,19.99
43218,17287,365,5,299.95,59.99
43219,17287,775,5,49.95,9.99
43220,17288,1014,1,49.98,49.98
43221,17288,627,2,79.98,39.99
43222,17289,1073,1,199.99,199.99
43223,17289,1073,1,199.99,199.99
43224,17289,1014,5,249.9,49.98
43225,17289,627,5,199.95,39.99
43226,17289,365,4,239.96,59.99
43227,17290,365,1,59.99,59.99
43228,17291,172,3,90.0,30.0
43229,17291,191,2,199.98,99.99
43230,17292,1004,1,399.98,399.98
43231,17295,365,4,239.96,59.99
43232,17295,1014,3,149.94,49.98
43233,17295,926,3,47.97,15.99
43234,17295,1073,1,199.99,199.99
43235,17296,1014,1,49.98,49.98
43236,17296,957,1,299.98,299.98
43237,17296,502,2,100.0,50.0
43238,17296,365,1,59.99,59.99
43239,17297,1004,1,399.98,399.98
43240,17297,1004,1,399.98,399.98
43241,17297,1004,1,399.98,399.98
43242,17298,957,1,299.98,299.98
43243,17299,403,1,129.99,129.99
43244,17299,502,2,100.0,50.0
43245,17299,403,1,129.99,129.99
43246,17299,1014,5,249.9,49.98
43247,17300,1004,1,399.98,399.98
43248,17302,365,5,299.95,59.99
43249,17303,1014,4,199.92,49.98
43250,17303,1014,3,149.94,49.98
43251,17303,1004,1,399.98,399.98
43252,17303,502,2,100.0,50.0
43253,17304,365,4,239.96,59.99
43254,17304,403,1,129.99,129.99
43255,17304,191,1,99.99,99.99
43256,17304,135,1,22.0,22.0
43257,17304,502,1,50.0,50.0
43258,17305,191,1,99.99,99.99
43259,17305,627,1,39.99,39.99
43260,17305,365,4,239.96,59.99
43261,17305,502,1,50.0,50.0
43262,17305,885,4,99.96,24.99
43263,17306,1014,2,99.96,49.98
43264,17306,502,1,50.0,50.0
43265,17307,1004,1,399.98,399.98
43266,17307,627,5,199.95,39.99
43267,17307,365,4,239.96,59.99
43268,17308,1014,4,199.92,49.98
43269,17308,793,3,44.97,14.99
43270,17308,1073,1,199.99,199.99
43271,17310,1014,5,249.9,49.98
43272,17310,1014,1,49.98,49.98
43273,17311,502,4,200.0,50.0
43274,17311,957,1,299.98,299.98
43275,17313,191,4,399.96,99.99
43276,17313,1004,1,399.98,399.98
43277,17313,403,1,129.99,129.99
43278,17315,502,3,150.0,50.0
43279,17315,1073,1,199.99,199.99
43280,17316,1073,1,199.99,199.99
43281,17316,191,1,99.99,99.99
43282,17316,403,1,129.99,129.99
43283,17316,365,1,59.99,59.99
43284,17316,249,4,219.88,54.97
43285,17317,1014,4,199.92,49.98
43286,17319,191,4,399.96,99.99
43287,17319,627,2,79.98,39.99
43288,17319,957,1,299.98,299.98
43289,17319,1004,1,399.98,399.98
43290,17319,191,3,299.97,99.99
43291,17321,957,1,299.98,299.98
43292,17321,906,1,24.99,24.99
43293,17321,957,1,299.98,299.98
43294,17321,403,1,129.99,129.99
43295,17322,502,1,50.0,50.0
43296,17322,502,2,100.0,50.0
43297,17322,365,1,59.99,59.99
43298,17322,502,3,150.0,50.0
43299,17324,403,1,129.99,129.99
43300,17324,365,1,59.99,59.99
43301,17324,365,5,299.95,59.99
43302,17326,1073,1,199.99,199.99
43303,17326,1004,1,399.98,399.98
43304,17327,502,1,50.0,50.0
43305,17327,1014,3,149.94,49.98
43306,17328,1014,5,249.9,49.98
43307,17328,821,2,103.98,51.99
43308,17328,1004,1,399.98,399.98
43309,17328,957,1,299.98,299.98
43310,17328,1004,1,399.98,399.98
43311,17329,403,1,129.99,129.99
43312,17329,1004,1,399.98,399.98
3313,17330,191,2,199.98,99.99
43314,17330,403,1,129.99,129.99
43315,17330,1014,4,199.92,49.98
43316,17330,403,1,129.99,129.99
43317,17330,365,3,179.97,59.99
43318,17331,502,3,150.0,50.0
43319,17331,282,5,159.95,31.99
43320,17332,1073,1,199.99,199.99
43321,17333,365,5,299.95,59.99
43322,17334,957,1,299.98,299.98
43323,17334,1073,1,199.99,199.99
43324,17336,627,1,39.99,39.99
43325,17336,273,5,139.95,27.99
43326,17336,37,5,174.95,34.99
43327,17336,365,5,299.95,59.99
43328,17336,365,1,59.99,59.99
43329,17337,502,1,50.0,50.0
43330,17337,502,3,150.0,50.0
43331,17337,365,2,119.98,59.99
43332,17337,502,5,250.0,50.0
43333,17338,365,2,119.98,59.99
43334,17338,957,1,299.98,299.98
43335,17338,957,1,299.98,299.98
43336,17338,1014,3,149.94,49.98
43337,17338,365,5,299.95,59.99
43338,17339,1073,1,199.99,199.99
43339,17339,1014,3,149.94,49.98
43340,17339,627,5,199.95,39.99
43341,17339,403,1,129.99,129.99
43342,17339,403,1,129.99,129.99
43343,17340,1014,2,99.96,49.98
43344,17341,365,2,119.98,59.99
43345,17342,1014,1,49.98,49.98
43346,17342,565,5,350.0,70.0
43347,17343,403,1,129.99,129.99
43348,17343,1014,1,49.98,49.98
43349,17343,502,1,50.0,50.0
43350,17344,403,1,129.99,129.99
43351,17344,365,1,59.99,59.99
43352,17345,1014,5,249.9,49.98
43353,17345,627,4,159.96,39.99
43354,17345,1073,1,199.99,199.99
43355,17345,502,4,200.0,50.0
43356,17347,191,4,399.96,99.99
43357,17347,1004,1,399.98,399.98
43358,17348,1014,3,149.94,49.98
43359,17348,627,2,79.98,39.99
43360,17349,172,2,60.0,30.0
43361,17349,957,1,299.98,299.98
43362,17349,282,2,63.98,31.99
43363,17349,403,1,129.99,129.99
43364,17350,957,1,299.98,299.98
43365,17351,1073,1,199.99,199.99
43366,17351,778,1,24.99,24.99
43367,17352,365,5,299.95,59.99
43368,17352,957,1,299.98,299.98
43369,17352,1073,1,199.99,199.99
43370,17354,365,1,59.99,59.99
43371,17355,1073,1,199.99,199.99
43372,17355,191,1,99.99,99.99
43373,17355,502,5,250.0,50.0
43374,17355,365,5,299.95,59.99
43375,17358,191,1,99.99,99.99
43376,17359,1073,1,199.99,199.99
43377,17359,172,2,60.0,30.0
43378,17359,365,1,59.99,59.99
43379,17360,365,4,239.96,59.99
43380,17360,502,5,250.0,50.0
43381,17360,403,1,129.99,129.99
43382,17360,403,1,129.99,129.99
43383,17360,957,1,299.98,299.98
43384,17361,403,1,129.99,129.99
43385,17361,627,5,199.95,39.99
43386,17361,977,4,119.96,29.99
43387,17361,977,4,119.96,29.99
43388,17361,1014,5,249.9,49.98
43389,17362,502,5,250.0,50.0
43390,17362,191,2,199.98,99.99
43391,17363,502,4,200.0,50.0
43392,17363,365,5,299.95,59.99
43393,17364,191,4,399.96,99.99
43394,17364,1073,1,199.99,199.99
43395,17365,191,2,199.98,99.99
43396,17366,1014,5,249.9,49.98
43397,17366,1004,1,399.98,399.98
43398,17366,818,2,95.98,47.99
43399,17367,403,1,129.99,129.99
43400,17367,403,1,129.99,129.99
43401,17367,365,4,239.96,59.99
43402,17368,191,5,499.95,99.99
43403,17368,365,3,179.97,59.99
43404,17369,502,5,250.0,50.0
43405,17369,365,3,179.97,59.99
43406,17369,627,1,39.99,39.99
43407,17370,821,1,51.99,51.99
43408,17370,93,2,49.98,24.99
43409,17371,502,2,100.0,50.0
43410,17371,365,3,179.97,59.99
43411,17371,403,1,129.99,129.99
43412,17371,403,1,129.99,129.99
43413,17372,502,2,100.0,50.0
43414,17372,627,1,39.99,39.99
43415,17372,502,2,100.0,50.0
43416,17372,365,3,179.97,59.99
43417,17372,191,3,299.97,99.99
43418,17373,502,3,150.0,50.0
43419,17374,1004,1,399.98,399.98
43420,17376,403,1,129.99,129.99
43421,17376,403,1,129.99,129.99
43422,17377,810,5,99.95,19.99
43423,17377,502,3,150.0,50.0
